Risco
[-3.7713056]
[20.38276]
[53.15533]
[46.515537]
[17.225552]
[5.073454]
[39.545887]
[35.776707]
[7.4345922]
[-14.9375925]
[54.08929]
[-9.208207]
[-36.120552]
[3.7076695]
[22.96509]
[41.994003]
[28.109339]
[-4.610186]
[23.694954]
[30.492523]
[28.15525]
[-26.164265]
[23.41376]
[49.3286]
[52.71686]
[39.836864]
[27.753515]
[31.516878]
[6.0683284]
[25.656746]
[4.492365]
[-14.390783]
[33.096245]
[20.636158]
[16.817513]
[3.7220402]
[24.150408]
[30.409233]
[-23.212046]
[42.326885]
[32.218777]
[27.570011]
[8.147985]
[16.653723]
[-26.470823]
[-10.540828]
[31.059813]
[19.461813]
[43.427296]
[-12.393012]
[42.996597]
[23.643375]
[34.71394]
[42.32388]
[12.893674]
[14.988942]
[8.108336]
[42.782734]
[25.917164]
[-28.714937]
[-24.298605]
[15.446233]
[-32.50828]
[14.582464]
[8.565496]
[-15.419981]
[5.3829694]
[60.614513]
[51.244156]
[36.379707]
[27.215422]
[7.61489]
[23.380669]
[22.673841]
[14.421576]
[-3.0155225]
[43.318825]
[20.584396]
[3.8721938]
[-13.500779]
[54.799488]
[-25.871807]
[-10.592159]
[-27.402077]
[16.36214]
[-14.424422]
[30.653086]
[2.8439546]
[-18.59693]
[14.143962]
[30.465538]
[-14.102928]
[57.25668]
[12.060771]
[7.3708596]
[-22.440857]
[14.350728]
[-1.2347703]
[37.825478]
[46.201702]
[34.505604]
[-36.420048]
[-4.940825]
[46.970036]
[47.893642]
[27.253029]
[9.011195]
[27.51753]
[15.389846]
[8.12627]
[48.624035]
[-15.345613]
[0.03475565]
[34.335903]
[44.412212]
[24.0054]
[21.44903]
[28.554115]
[50.713467]
[11.446289]
[31.889236]
[19.634445]
[29.606403]
[-18.106522]
[37.927834]
[9.3326025]
[27.921165]
[44.325706]
[-23.170643]
[-29.871792]
[21.446522]
[14.1050005]
[33.45064]
[45.640705]
[32.339115]
[-29.515839]
[-3.045986]
[-0.5622299]
[44.6066]
[58.486553]
[25.642239]
[3.136286]
[34.945206]
[7.762017]
[-4.616178]
[46.68077]
[23.757702]
[26.156519]
[39.67462]
[22.1865]
[37.40721]
[18.27669]
[38.729546]
[50.39925]
[44.461304]
[-31.270573]
[16.777565]
[13.621498]
[40.77446]
[43.69888]
[40.257]
[18.063341]
[16.902441]
[-31.145943]
[30.698366]
[1.9454446]
[13.802646]
[25.54414]
[15.166095]
[45.95514]
[34.739365]
[4.194763]
[36.1508]
[-37.39029]
[22.757597]
[16.704514]
[30.43306]
[-8.357793]
[19.364592]
[-5.893649]
[-8.231948]
[46.738712]
[-6.9831405]
[32.70172]
[54.5052]
[31.567732]
[46.841534]
[25.024252]
[20.438435]
[42.334858]
[-4.0887585]
[31.397789]
[-3.7215362]
[8.077861]
[42.1618]
[30.13841]
[22.881336]
[19.962399]
[6.740317]
[-8.753621]
[39.406403]
[25.327515]
[15.497078]
[35.946964]
[-1.4794027]
[2.380135]
[22.70768]
[38.284466]
[-0.9955082]
[-20.582577]
[-10.004066]
[-9.230798]
[18.694807]
[35.60703]
[31.426756]
[36.755814]
[3.8049438]
[45.889595]
[10.744937]
[-10.460332]
[-13.731231]
[-15.558807]
[4.057257]
[6.236253]
[3.4323077]
[2.343696]
[10.229333]
[-3.0974889]
[53.33066]
[30.647888]
[27.870462]
[11.284652]
[8.735207]
[-4.6861434]
[42.758976]
[29.840862]
[28.625515]
[11.661656]
[-16.889051]
[23.205694]
[64.47297]
[12.000308]
[0.96394444]
[26.205635]
[-28.105667]
[35.97312]
[21.825275]
[54.805542]
[24.979574]
[18.352848]
[-1.1684098]
[10.246062]
[5.121513]
[51.515137]
[52.01821]
[11.332242]
[37.33487]
[7.979548]
[28.167328]
[43.638847]
[31.119865]
[10.901389]
[-6.2319536]
[20.796558]
[28.600578]
[27.081612]
[33.76239]
[38.94966]
[23.058773]
[22.473793]
[-1.7783668]
[-20.644476]
[13.902063]
[6.113327]
[30.968338]
[36.55079]
[48.38074]
[23.981955]
[5.126879]
[30.77356]
[26.376228]
[34.7338]
[31.046167]
[-30.89611]
[34.862434]
[24.75568]
[-7.256011]
[-32.473648]
[38.99355]
[-17.301208]
[-20.762264]
[42.061188]
[45.250057]
[36.965786]
[23.07723]
[7.595465]
[45.406754]
[27.099964]
[31.268599]
[-28.953352]
[54.95418]
[44.498966]
[5.2134423]
[37.694542]
[12.503627]
[35.152157]
[14.404059]
[23.163654]
[-8.228732]
[10.582595]
[-14.632842]
[48.875935]
[33.121704]
[53.08001]
[-4.7805133]
[54.787556]
[22.019098]
[26.1987]
[22.966255]
[4.768847]
[40.648647]
[14.170434]
[-6.3121333]
[40.164627]
[50.830387]
[43.673115]
[35.31034]
[24.072697]
[14.122489]
[49.26108]
